377237

8358812283631269928
5188997148801516344
2303064029242396590
5819137024728546741
3576607363557872807
2248734317261478192
5875987479498297665
6708129824495912434
8748734086032257441
5071357104726974256
8312108283310615233
5562094852451837435
6502258854032233436
8356277316976403078
693082837425613508
3546781236735558235
299124516841461614
1378283477131353042
steel wave Y5S2.3.0_C5433707_D1028748_S38774_14603060 | 2287849678928593252
steel wave Y5S2.3.1.1pc_C5493616_D1043836_S38774_14664131 | 4367817844736324940

359551

3893422760579204530
7932785808040895147
2206497318678061176
5851804596427790505
8569920171217002292
8006071763917433748
708773000306432190
1613631671988840841
4221297486420648079
4701787239566783972
8765715607275074515
7781202564071310413
7659555540733025386
5935578581006804383
5408324128694463720
7869081741739849703
1842268638395240106
1739364586766771991
steel wave Y5S2.3.0_C5433707_D1028748_S38774_14603060 | 1610834739284564851
steel wave Y5S2.3.1.1pc_C5493616_D1043836_S38774_14664131 | 893971391196952070






