Content
359551
19db

3893422760579204530
7932785808040895147
2206497318678061176
6528040263176897081
8569920171217002292
8006071763917433748
708773000306432190
2595400291492146232
2783803489764777627
4701787239566783972
8765715607275074515
4133951394045241747
7659555540733025386
4355229858723790756
5408324128694463720
5429930338066808153
1842268638395240106
2810676266503656332
2911638056757212246

Sku WW
377237
19db

8358812283631269928
5188997148801516344
2303064029242396590
3552784069501585540
3576607363557872807
2248734317261478192
5875987479498297665
8738820022932508379
2066250193950057921
5071357104726974256
8312108283310615233
7286067994760020542
6502258854032233436
8985694971177711792
693082837425613508
7309481042294838052
299124516841461614
8007091753837589034
1296806240678481187
7750070106878890861
885453180592640750

HighRes Texture Pack
377239
19db

8394183851197739981
3756048967966286899
1338949402410764888
5184390432533910806
1825939060444887403
3196596628759979362
7497579858536910279
3065193946575458487
1118649577165385479
1668513364192382097
204186978012641075
3378966402050009606
2243348760021617592
888629411354320742
4107080515154236795
8340682081776225833
6048763664997452513
2194493692563107142
3257522596542046976
5051396185388503167
